89.89239644559006592
89.75300494317403377
89.61279025859813885
89.47238958206112613
89.33191835438182693
89.19141298683243235
89.05088853996645071
88.91035235926023006
88.76980845110036000
88.62925918541162673
88.48870605337636164
88.34815003999909777
88.20759182200410464
88.06703187965092638
87.92647056318644161
87.78590813404066751
87.64534479129562783
87.50478068922231500
87.36421594921468170
87.22365066810408507
87.08308492407091705
86.94251878092856600
86.80195229127836853
86.66138549886824194
86.52081844037952862
86.38025114679865624
86.23968364448110435
86.09911595598489953
85.95854810073078056
85.81798009552957751
85.67741195500600782
85.53684369194294845
85.39627531756266876
85.25570684175755787
85.11513827328182913
84.97456961991041169
84.83400088857219146
84.69343208546203527
84.55286321613557732
84.41229428558935410
84.27172529832965608
84.13115625843107637
83.99058716958715820
83.85001803515368124
83.70944885818646242
83.56887964147432513
83.42831038756754936
83.28774109880258436
83.14717177732438813
83.00660242510548414
82.86603304396281544
82.72546363557310656
82.58489420148571014
82.44432474313492776
82.30375526185007118
82.16318575886523945
82.02261623532750434
81.88204669230448474
81.74147713079119626
81.60090755171587773
81.46033795594584603
81.31976834429208623
81.17919871751401217
81.03862907632331769
80.89805942138778505
80.75748975333453927
80.61692007275310345
80.47635038019834042
80.33578067619258434
80.19521096122846870
80.05464123577060320
79.91407150025781903
79.77350175510467523
79.63293200070344824
79.49236223742522611
79.35179246562162803
79.21122268562592694
79.07065289775422912
78.93008310230658253
78.78951329956795746
78.64894348980935490
78.50837367328831817
78.36780385025006979
78.22723402092805145
78.08666418554483357
77.94609434431237105
77.80552449743305488
77.66495464509988267
77.52438478749731132
77.38381492480151280
77.24324505718082889
77.10267518479638227
76.96210530780221859
76.82153542634593180
76.68096554056880620
76.54039565060628547
76.39982575658814312
76.25925585863889467
76.11868595687799655
75.97811605142010194
75.83754614237535918
75.69697622984953966
75.55640631394429363
75.41583639475742018
75.27526647238289570
75.13469654691118649
74.99412661842937666
74.85355668702129606
74.71298675276771917
74.57241681574645042
74.43184687603249472
74.29127693369818530
74.15070698881325484
74.01013704144500593
73.86956709165841062
73.72899713951616718
73.58842718507887071
73.44785722840501307
73.30728726955109664
73.16671730857181899
73.02614734552000186
72.88557738044673329
72.74500741340148124
72.60443744443206526
72.46386747358479852
72.32329750090450204
72.18272752643460421
72.04215755021718337
71.90158757229298203
71.76101759270149216
71.62044761148102623
71.47987762866866035
71.33930764430046167
71.19873765841134627
71.05816767103517861
70.91759768220487103
70.77702769195241217
70.63645770030873905
70.49588770730400711
70.35531771296744807
70.21474771732751208
70.07417772041178239
69.93360772224713173
69.79303772285966545
69.65246772227474992
69.51189772051708360
69.37132771761064021
69.23075771357882502
69.09018770844433277
68.94961770222933239
68.80904769495529649
68.66847768664328555
68.52790767731364951
68.38733766698631200
68.24676765568065662
68.10619764341552695
67.96562763020936870
67.82505761608007333
67.68448760104514861
67.54391758512166177
67.40334756832616847
67.26277755067491171
67.12220753218373659
66.98163751286799084
66.84106749274278059
66.70049747182281408
66.55992745012235901
66.41935742765546991
66.27878740443577499
66.13821738047660403
65.99764735579101682
65.85707733039177469
65.71650730429119847
65.57593727750152368
65.43536725003460219
65.29479722190201585
65.15422719311511912
65.01365716368496805
64.87308713362240553
64.73251710293803285
64.59194707164218130
64.45137703974502585
64.31080700725644306
64.17023697418612471
64.02966694054356367
63.88909690633806093
63.74852687157864750
63.60795683627426200
63.46738680043357306
63.32681676406509297
63.18624672717718482
63.04567668977801276
62.90510665187553485
62.76453661347764523
62.62396657459193960
62.48339653522599235
62.34282649538712207
62.20225645508258339
62.06168641431941069
61.92111637310453176
61.78054633144476782
61.63997628934672690
61.49940624681695311
61.35883620386184134
61.21826616048767988
61.07769611670060073
60.93712607250660085
60.79655602791165592
60.65598598292154264
60.51541593754194537
60.37484589177842054
60.23427584563650328
60.09370579912153687
59.95313575223877933
59.81256570499346026
59.67199565739059608
59.53142560943521744
59.39085556113221998
59.25028551248639275
59.10971546350243955
58.96914541418504996
58.82857536453872882
58.68800531456793834
58.54743526427709810
58.40686521367051398
58.26629516275242793
58.12572511152696819
57.98515505999824882
57.84458500817028437
57.70401495604703257
57.56344490363234456
57.42287485093004307
57.28230479794389396
57.14173474467754943
57.00116469113466167
56.86059463731876207
56.72002458323338203
56.57945452888191795
56.43888447426780175
56.29831441939432324
56.15774436426477934
56.01717430888238169
55.87660425325027092
55.73603419737159470
55.59546414124940128
55.45489408488669625
55.31432402828647810
55.17375397145163163
55.03318391438501322
54.89261385708949348
54.75204379956782219
54.61147374182273495
54.47090368385693182
54.33033362567307734
54.18976356727374366
54.04919350866154559
53.90862344983897714
53.76805339080853230
53.62748333157267666
53.48691327213381896
53.34634321249432531
53.20577315265656182
53.06520309262280932
52.92463303239534866
52.78406297197641805
52.64349291136820597
52.50292285057290798
52.36235278959265571
52.22178272842952396
52.08121266708563724
51.94064260556302060
51.80007254386369198
51.65950248198962669
51.51893241994277872
51.37836235772509497
51.23779229533846546
51.09722223278478026
50.95665217006585834
50.81608210718354712
50.67551204413963006
50.53494198093586931
50.39437191757401280
50.25380185405580846
50.11323179038291187
49.97266172655702832
49.83209166257978495
49.69152159845282313
49.55095153417773446
49.41038146975611767
49.26981140518951463
49.12924134047949565
48.98867127562753154
48.84810121063517130
48.70753114550385732
48.56696108023505332
48.42639101483023012
48.28582094929076618
48.14525088361806837
48.00468081781354357
47.86411075187851338
47.72354068581439179
47.58297061962244356
47.44240055330399741
47.30183048686036784
47.16126042029279830
47.02069035360259619
46.88012028679096233
46.73955021985913305
46.59898015280833050
46.45841008563976260
46.31784001835460174
46.17726995095400611
46.03669988343914810
45.89612981581113615
45.75555974807111426
45.61498968022020506
45.47441961225946727
45.33384954419003776
45.19327947601293971
45.05270940772923893
44.91213933933997993
44.77156927084621429
44.63099920224892259
44.49042913354914930
44.34985906474785367
44.20928899584604466
44.06871892684466729
43.92814885774471634
43.78757878854709418
43.64700871925276715
43.50643864986263765
43.36586858037765069
43.22529851079865892
43.08472844112660027
42.94415837136235581
42.80358830150675686
42.66301823156069162
42.52244816152503404
42.38187809140058704
42.24130802118820327
42.10073795088868565
41.96016788050287261
41.81959781003155285
41.67902773947551509
41.53845766883556223
41.39788759811245455
41.25731752730698076
41.11674745641987982
40.97617738545189781
40.83560731440381630
40.69503724327632455
40.55446717207016150
40.41389710078607322
40.27332702942475606
40.13275695798688503
39.99218688647318487
39.85161681488430929
39.71104674322100436
39.57047667148388115
39.42990659967360756
39.28933652779089414
39.14876645583633774
39.00819638381062049
38.86762631171433924
38.72705623954816190
38.58648616731269954
38.44591609500857743
38.30534602263638533
38.16477595019674141
38.02420587769024962
37.88363580511749973
37.74306573247906726
37.60249565977554909
37.46192558700749231
37.32135551417550090
37.18078544128013618
37.04021536832189554
36.89964529530139714
36.75907522221917390
36.61850514907573739
36.47793507587165607
36.33736500260742730
36.19679492928360531
36.05622485590069459
35.91565478245918541
35.77508470895964621
35.63451463540253172
35.49394456178833934
35.35337448811758776
35.21280441439076014
35.07223434060832545
34.93166426677078107
34.79109419287861016
34.65052411893226036
34.50995404493220775
34.36938397087890706
34.22881389677282016
34.08824382261440178
33.94767374840407825
33.80710367414236117
33.66653359982962712
33.52596352546630953
33.38539345105288447
33.24482337658976405
33.10425330207734618
32.96368322751607138
32.82311315290635889
32.68254307824862082
32.54197300354325506
32.40140292879068085
32.26083285399128897
32.12026277914547734
31.97969270425365096
31.83912262931618287
31.69855255433349939
31.55798247930592382
31.41741240423388248
31.27684232911773421
31.13627225395785914
30.99570217875462674
30.85513210350841007
30.71456202821954307
30.57399195288842364
30.43342187751541772
30.29285180210084860
30.15228172664506801
30.01171165114842765
29.87114157561128636
29.73057150003398874
29.59000142441686521
29.44943134876024260
29.30886127306449040
29.16829119732989639
29.02772112155680162
28.88715104574555781
28.74658096989647404
28.60601089400985231
28.46544081808605142
28.32487074212532718
28.18430066612804197
28.04373059009448355
27.90316051402497521
27.76259043791980474
27.62202036177928832
27.48145028560372793
27.34088020939341135
27.20031013314863699
27.05974005686970685
26.91916998055689803
26.77859990421051251
26.63802982783083451
26.49745975141812693
26.35688967497271307
26.21631959849484872
26.07574952198479679
25.93517944544286635
25.79460936886930256
25.65403929226438962
25.51346921562838688
25.37289913896160698
25.23232906226425598
25.09175898553660744
24.95118890877897044
24.81061883199154039
24.67004875517462636
24.52947867832846285
24.38890860145330564
24.24833852454940697
24.10776844761701554
23.96719837065637293
23.82662829366774560
23.68605821665137512
23.54548813960749243
23.40491806253634977
23.26434798543817450
23.12377790831322599
22.98320783116171739
22.84263775398388674
22.70206767678000048
22.56149759955024336
22.42092752229487118
22.28035744501412907
22.13978736770821243
21.99921729037734508
21.85864721302179703
21.71807713564173170
21.57750705823741910
21.43693698080904753
21.29636690335684790
21.15579682588103694
21.01522674838183136
20.87465667085944432
20.73408659331408188
20.59351651574596431
20.45294643815529767
20.31237636054230222
20.17180628290718403
20.03123620525011717
19.89066612757133612
19.75009604987103984
19.60952597214944859
19.46895589440673646
19.32838581664309885
19.18781573885877378
19.04724566105389982
18.90667558322873631
18.76610550538344668
18.62553542751822278
18.48496534963326354
18.34439527172875017
18.20382519380489938
18.06325511586188881
17.92268503789988543
17.78211495991911661
17.64154488191973513
17.50097480390194704
17.36040472586593353
17.21983464781187223
17.07926456973993723
16.93869449165032748
16.79812441354322772
16.65755433541879782
16.51698425727721897
16.37641417911869368
16.23584410094336761
16.09527402275144681
15.95470394454306273
15.81413386631844631
15.67356378807773787
15.53299370982108663
15.39242363154872528
15.25185355326076397
15.11128347495740876
14.97071339663883016
14.83014331830517030
14.68957323995662456
14.54900316159332441
14.40843308321548299
14.26786300482321401
14.12729292641673240
13.98672284799618382
13.84615276956170149
13.70558269111349148
13.56501261265166924
13.42444253417643907
13.28387245568795194
13.14330237718633398
13.00273229867179126
12.86216222014444810
12.72159214160447682
12.58102206305200887
12.44045198448725031
12.29988190591030417
12.15931182732136406
12.01874174872057566
11.87817167010805974
11.73760159148401705
11.59703151284856304
11.45646143420187357
11.31589135554407832
11.17532127687534249
11.03475119819580641
10.89418111950564594
10.75361104080497654
10.61304096209396519
10.47247088337275223
10.33190080464149574
10.19133072590033251
10.05076064714939932
9.910190568388859589
9.769620489618853654
9.629050410839525398
9.488480332051034694
9.347910253253472135
9.207340174447057990
9.066770095631875748
8.926200016808094162
8.785629937975851789
8.645059859135276525
8.504489780286533573
8.363919701429738396
8.223349622565054418
8.082779543692621971
7.942209464812559183
7.801639385925026815
7.661069307030138553
7.520499228128077362
7.379929149218931173
7.239359070302848309
7.098788991380000191
6.958218912450495175
6.817648833514466489
6.677078754572088215
6.536508675623463382
6.395938596668719001
6.255368517708006948
6.114798438741483544
5.974228359769234054
5.833658280791435224
5.693088201808220283
5.552518122819671831
5.411948043826011023
5.271377964827299145
5.130807885823689851
4.990237806815334132
4.849667727802346562
4.709097648784870138
4.568527569763027429
4.427957490736949886
4.287387411706789386
4.146817332672658729
4.006247253634684924
3.865677174593022070
3.725107095547797620
3.584537016499126150
3.443966937447145327
3.303396858391984825
3.162826779333783644
3.022256700272694552
2.881686621208780608
2.741116542142221224
2.600546463073154957
2.459976384001671512
2.319406304927949414
2.178836225852089470
2.038266146774219134
1.897696067694479405
1.757125988612996625
1.616555909529884927
1.475985830445297742
1.335415751359349423
1.194845672272192516
1.054275593183928716
0.9137055140946979126
0.7731354350046144575
0.6325653559138444404
0.4919952768224635786
0.3514251977306756536
0.2108551186385314857
0.07028503954619644278
-0.07028503954619644278
-0.2108551186385314857
-0.3514251977306756536
-0.4919952768224635786
-0.6325653559138444404
-0.7731354350046144575
-0.9137055140946979126
-1.054275593183928716
-1.194845672272192516
-1.335415751359349423
-1.475985830445297742
-1.616555909529884927
-1.757125988612996625
-1.897696067694479405
-2.038266146774219134
-2.178836225852089470
-2.319406304927949414
-2.459976384001671512
-2.600546463073154957
-2.741116542142221224
-2.881686621208780608
-3.022256700272694552
-3.162826779333783644
-3.303396858391984825
-3.443966937447145327
-3.584537016499126150
-3.725107095547797620
-3.865677174593022070
-4.006247253634684924
-4.146817332672658729
-4.287387411706789386
-4.427957490736949886
-4.568527569763027429
-4.709097648784870138
-4.849667727802346562
-4.990237806815334132
-5.130807885823689851
-5.271377964827299145
-5.411948043826011023
-5.552518122819671831
-5.693088201808220283
-5.833658280791435224
-5.974228359769234054
-6.114798438741483544
-6.255368517708006948
-6.395938596668719001
-6.536508675623463382
-6.677078754572088215
-6.817648833514466489
-6.958218912450495175
-7.098788991380000191
-7.239359070302848309
-7.379929149218931173
-7.520499228128077362
-7.661069307030138553
-7.801639385925026815
-7.942209464812559183
-8.082779543692621971
-8.223349622565054418
-8.363919701429738396
-8.504489780286533573
-8.645059859135276525
-8.785629937975851789
-8.926200016808094162
-9.066770095631875748
-9.207340174447057990
-9.347910253253472135
-9.488480332051034694
-9.629050410839525398
-9.769620489618853654
-9.910190568388859589
-10.05076064714939932
-10.19133072590033251
-10.33190080464149574
-10.47247088337275223
-10.61304096209396519
-10.75361104080497654
-10.89418111950564594
-11.03475119819580641
-11.17532127687534249
-11.31589135554407832
-11.45646143420187357
-11.59703151284856304
-11.73760159148401705
-11.87817167010805974
-12.01874174872057566
-12.15931182732136406
-12.29988190591030417
-12.44045198448725031
-12.58102206305200887
-12.72159214160447682
-12.86216222014444810
-13.00273229867179126
-13.14330237718633398
-13.28387245568795194
-13.42444253417643907
-13.56501261265166924
-13.70558269111349148
-13.84615276956170149
-13.98672284799618382
-14.12729292641673240
-14.26786300482321401
-14.40843308321548299
-14.54900316159332441
-14.68957323995662456
-14.83014331830517030
-14.97071339663883016
-15.11128347495740876
-15.25185355326076397
-15.39242363154872528
-15.53299370982108663
-15.67356378807773787
-15.81413386631844631
-15.95470394454306273
-16.09527402275144681
-16.23584410094336761
-16.37641417911869368
-16.51698425727721897
-16.65755433541879782
-16.79812441354322772
-16.93869449165032748
-17.07926456973993723
-17.21983464781187223
-17.36040472586593353
-17.50097480390194704
-17.64154488191973513
-17.78211495991911661
-17.92268503789988543
-18.06325511586188881
-18.20382519380489938
-18.34439527172875017
-18.48496534963326354
-18.62553542751822278
-18.76610550538344668
-18.90667558322873631
-19.04724566105389982
-19.18781573885877378
-19.32838581664309885
-19.46895589440673646
-19.60952597214944859
-19.75009604987103984
-19.89066612757133612
-20.03123620525011717
-20.17180628290718403
-20.31237636054230222
-20.45294643815529767
-20.59351651574596431
-20.73408659331408188
-20.87465667085944432
-21.01522674838183136
-21.15579682588103694
-21.29636690335684790
-21.43693698080904753
-21.57750705823741910
-21.71807713564173170
-21.85864721302179703
-21.99921729037734508
-22.13978736770821243
-22.28035744501412907
-22.42092752229487118
-22.56149759955024336
-22.70206767678000048
-22.84263775398388674
-22.98320783116171739
-23.12377790831322599
-23.26434798543817450
-23.40491806253634977
-23.54548813960749243
-23.68605821665137512
-23.82662829366774560
-23.96719837065637293
-24.10776844761701554
-24.24833852454940697
-24.38890860145330564
-24.52947867832846285
-24.67004875517462636
-24.81061883199154039
-24.95118890877897044
-25.09175898553660744
-25.23232906226425598
-25.37289913896160698
-25.51346921562838688
-25.65403929226438962
-25.79460936886930256
-25.93517944544286635
-26.07574952198479679
-26.21631959849484872
-26.35688967497271307
-26.49745975141812693
-26.63802982783083451
-26.77859990421051251
-26.91916998055689803
-27.05974005686970685
-27.20031013314863699
-27.34088020939341135
-27.48145028560372793
-27.62202036177928832
-27.76259043791980474
-27.90316051402497521
-28.04373059009448355
-28.18430066612804197
-28.32487074212532718
-28.46544081808605142
-28.60601089400985231
-28.74658096989647404
-28.88715104574555781
-29.02772112155680162
-29.16829119732989639
-29.30886127306449040
-29.44943134876024260
-29.59000142441686521
-29.73057150003398874
-29.87114157561128636
-30.01171165114842765
-30.15228172664506801
-30.29285180210084860
-30.43342187751541772
-30.57399195288842364
-30.71456202821954307
-30.85513210350841007
-30.99570217875462674
-31.13627225395785914
-31.27684232911773421
-31.41741240423388248
-31.55798247930592382
-31.69855255433349939
-31.83912262931618287
-31.97969270425365096
-32.12026277914547734
-32.26083285399128897
-32.40140292879068085
-32.54197300354325506
-32.68254307824862082
-32.82311315290635889
-32.96368322751607138
-33.10425330207734618
-33.24482337658976405
-33.38539345105288447
-33.52596352546630953
-33.66653359982962712
-33.80710367414236117
-33.94767374840407825
-34.08824382261440178
-34.22881389677282016
-34.36938397087890706
-34.50995404493220775
-34.65052411893226036
-34.79109419287861016
-34.93166426677078107
-35.07223434060832545
-35.21280441439076014
-35.35337448811758776
-35.49394456178833934
-35.63451463540253172
-35.77508470895964621
-35.91565478245918541
-36.05622485590069459
-36.19679492928360531
-36.33736500260742730
-36.47793507587165607
-36.61850514907573739
-36.75907522221917390
-36.89964529530139714
-37.04021536832189554
-37.18078544128013618
-37.32135551417550090
-37.46192558700749231
-37.60249565977554909
-37.74306573247906726
-37.88363580511749973
-38.02420587769024962
-38.16477595019674141
-38.30534602263638533
-38.44591609500857743
-38.58648616731269954
-38.72705623954816190
-38.86762631171433924
-39.00819638381062049
-39.14876645583633774
-39.28933652779089414
-39.42990659967360756
-39.57047667148388115
-39.71104674322100436
-39.85161681488430929
-39.99218688647318487
-40.13275695798688503
-40.27332702942475606
-40.41389710078607322
-40.55446717207016150
-40.69503724327632455
-40.83560731440381630
-40.97617738545189781
-41.11674745641987982
-41.25731752730698076
-41.39788759811245455
-41.53845766883556223
-41.67902773947551509
-41.81959781003155285
-41.96016788050287261
-42.10073795088868565
-42.24130802118820327
-42.38187809140058704
-42.52244816152503404
-42.66301823156069162
-42.80358830150675686
-42.94415837136235581
-43.08472844112660027
-43.22529851079865892
-43.36586858037765069
-43.50643864986263765
-43.64700871925276715
-43.78757878854709418
-43.92814885774471634
-44.06871892684466729
-44.20928899584604466
-44.34985906474785367
-44.49042913354914930
-44.63099920224892259
-44.77156927084621429
-44.91213933933997993
-45.05270940772923893
-45.19327947601293971
-45.33384954419003776
-45.47441961225946727
-45.61498968022020506
-45.75555974807111426
-45.89612981581113615
-46.03669988343914810
-46.17726995095400611
-46.31784001835460174
-46.45841008563976260
-46.59898015280833050
-46.73955021985913305
-46.88012028679096233
-47.02069035360259619
-47.16126042029279830
-47.30183048686036784
-47.44240055330399741
-47.58297061962244356
-47.72354068581439179
-47.86411075187851338
-48.00468081781354357
-48.14525088361806837
-48.28582094929076618
-48.42639101483023012
-48.56696108023505332
-48.70753114550385732
-48.84810121063517130
-48.98867127562753154
-49.12924134047949565
-49.26981140518951463
-49.41038146975611767
-49.55095153417773446
-49.69152159845282313
-49.83209166257978495
-49.97266172655702832
-50.11323179038291187
-50.25380185405580846
-50.39437191757401280
-50.53494198093586931
-50.67551204413963006
-50.81608210718354712
-50.95665217006585834
-51.09722223278478026
-51.23779229533846546
-51.37836235772509497
-51.51893241994277872
-51.65950248198962669
-51.80007254386369198
-51.94064260556302060
-52.08121266708563724
-52.22178272842952396
-52.36235278959265571
-52.50292285057290798
-52.64349291136820597
-52.78406297197641805
-52.92463303239534866
-53.06520309262280932
-53.20577315265656182
-53.34634321249432531
-53.48691327213381896
-53.62748333157267666
-53.76805339080853230
-53.90862344983897714
-54.04919350866154559
-54.18976356727374366
-54.33033362567307734
-54.47090368385693182
-54.61147374182273495
-54.75204379956782219
-54.89261385708949348
-55.03318391438501322
-55.17375397145163163
-55.31432402828647810
-55.45489408488669625
-55.59546414124940128
-55.73603419737159470
-55.87660425325027092
-56.01717430888238169
-56.15774436426477934
-56.29831441939432324
-56.43888447426780175
-56.57945452888191795
-56.72002458323338203
-56.86059463731876207
-57.00116469113466167
-57.14173474467754943
-57.28230479794389396
-57.42287485093004307
-57.56344490363234456
-57.70401495604703257
-57.84458500817028437
-57.98515505999824882
-58.12572511152696819
-58.26629516275242793
-58.40686521367051398
-58.54743526427709810
-58.68800531456793834
-58.82857536453872882
-58.96914541418504996
-59.10971546350243955
-59.25028551248639275
-59.39085556113221998
-59.53142560943521744
-59.67199565739059608
-59.81256570499346026
-59.95313575223877933
-60.09370579912153687
-60.23427584563650328
-60.37484589177842054
-60.51541593754194537
-60.65598598292154264
-60.79655602791165592
-60.93712607250660085
-61.07769611670060073
-61.21826616048767988
-61.35883620386184134
-61.49940624681695311
-61.63997628934672690
-61.78054633144476782
-61.92111637310453176
-62.06168641431941069
-62.20225645508258339
-62.34282649538712207
-62.48339653522599235
-62.62396657459193960
-62.76453661347764523
-62.90510665187553485
-63.04567668977801276
-63.18624672717718482
-63.32681676406509297
-63.46738680043357306
-63.60795683627426200
-63.74852687157864750
-63.88909690633806093
-64.02966694054356367
-64.17023697418612471
-64.31080700725644306
-64.45137703974502585
-64.59194707164218130
-64.73251710293803285
-64.87308713362240553
-65.01365716368496805
-65.15422719311511912
-65.29479722190201585
-65.43536725003460219
-65.57593727750152368
-65.71650730429119847
-65.85707733039177469
-65.99764735579101682
-66.13821738047660403
-66.27878740443577499
-66.41935742765546991
-66.55992745012235901
-66.70049747182281408
-66.84106749274278059
-66.98163751286799084
-67.12220753218373659
-67.26277755067491171
-67.40334756832616847
-67.54391758512166177
-67.68448760104514861
-67.82505761608007333
-67.96562763020936870
-68.10619764341552695
-68.24676765568065662
-68.38733766698631200
-68.52790767731364951
-68.66847768664328555
-68.80904769495529649
-68.94961770222933239
-69.09018770844433277
-69.23075771357882502
-69.37132771761064021
-69.51189772051708360
-69.65246772227474992
-69.79303772285966545
-69.93360772224713173
-70.07417772041178239
-70.21474771732751208
-70.35531771296744807
-70.49588770730400711
-70.63645770030873905
-70.77702769195241217
-70.91759768220487103
-71.05816767103517861
-71.19873765841134627
-71.33930764430046167
-71.47987762866866035
-71.62044761148102623
-71.76101759270149216
-71.90158757229298203
-72.04215755021718337
-72.18272752643460421
-72.32329750090450204
-72.46386747358479852
-72.60443744443206526
-72.74500741340148124
-72.88557738044673329
-73.02614734552000186
-73.16671730857181899
-73.30728726955109664
-73.44785722840501307
-73.58842718507887071
-73.72899713951616718
-73.86956709165841062
-74.01013704144500593
-74.15070698881325484
-74.29127693369818530
-74.43184687603249472
-74.57241681574645042
-74.71298675276771917
-74.85355668702129606
-74.99412661842937666
-75.13469654691118649
-75.27526647238289570
-75.41583639475742018
-75.55640631394429363
-75.69697622984953966
-75.83754614237535918
-75.97811605142010194
-76.11868595687799655
-76.25925585863889467
-76.39982575658814312
-76.54039565060628547
-76.68096554056880620
-76.82153542634593180
-76.96210530780221859
-77.10267518479638227
-77.24324505718082889
-77.38381492480151280
-77.52438478749731132
-77.66495464509988267
-77.80552449743305488
-77.94609434431237105
-78.08666418554483357
-78.22723402092805145
-78.36780385025006979
-78.50837367328831817
-78.64894348980935490
-78.78951329956795746
-78.93008310230658253
-79.07065289775422912
-79.21122268562592694
-79.35179246562162803
-79.49236223742522611
-79.63293200070344824
-79.77350175510467523
-79.91407150025781903
-80.05464123577060320
-80.19521096122846870
-80.33578067619258434
-80.47635038019834042
-80.61692007275310345
-80.75748975333453927
-80.89805942138778505
-81.03862907632331769
-81.17919871751401217
-81.31976834429208623
-81.46033795594584603
-81.60090755171587773
-81.74147713079119626
-81.88204669230448474
-82.02261623532750434
-82.16318575886523945
-82.30375526185007118
-82.44432474313492776
-82.58489420148571014
-82.72546363557310656
-82.86603304396281544
-83.00660242510548414
-83.14717177732438813
-83.28774109880258436
-83.42831038756754936
-83.56887964147432513
-83.70944885818646242
-83.85001803515368124
-83.99058716958715820
-84.13115625843107637
-84.27172529832965608
-84.41229428558935410
-84.55286321613557732
-84.69343208546203527
-84.83400088857219146
-84.97456961991041169
-85.11513827328182913
-85.25570684175755787
-85.39627531756266876
-85.53684369194294845
-85.67741195500600782
-85.81798009552957751
-85.95854810073078056
-86.09911595598489953
-86.23968364448110435
-86.38025114679865624
-86.52081844037952862
-86.66138549886824194
-86.80195229127836853
-86.94251878092856600
-87.08308492407091705
-87.22365066810408507
-87.36421594921468170
-87.50478068922231500
-87.64534479129562783
-87.78590813404066751
-87.92647056318644161
-88.06703187965092638
-88.20759182200410464
-88.34815003999909777
-88.48870605337636164
-88.62925918541162673
-88.76980845110036000
-88.91035235926023006
-89.05088853996645071
-89.19141298683243235
-89.33191835438182693
-89.47238958206112613
-89.61279025859813885
-89.75300494317403377
-89.89239644559006592
