89.78487690721865
89.50620273820637
89.22588284761157
88.94519111831644
88.66435834182293
88.38345731224797
88.10251813893724
87.82155550711056
87.54057742641116
87.25958863483953
86.97859211359663
86.697589831922
86.41658314273641
86.13557300618399
85.8545601224853
85.57354501429673
85.29252807962695
85.01150962689766
84.73048989880279
84.44946908892904
84.16844735357665
83.88742482032309
83.60640159433007
83.32537776305915
83.04435339984514
82.76332856663693
82.48230331612486
82.20127769340762
81.92025173731211
81.63922548144693
81.3581989550504
81.07717218367863
80.79614518976737
80.51511799309434
80.23409061116114
79.95306305951186
79.67203535199916
79.39100750100823
79.10997951764607
78.82895141190237
78.54792319278643
78.26689486844451
77.98586644626094
77.70483793294493
77.42380933460622
77.14278065682045
76.86175190468626
76.58072308287524
76.29969419567587
76.01866524703182
75.737636240576
75.45660717966057
75.17557806738355
74.89454890661246
74.61351970000541
74.3324904500298
74.05146115897912
73.77043182898812
73.48940246204617
73.20837306000954
72.92734362461226
72.64631415747613
72.36528466011956
72.08425513396566
71.8032255803498
71.52219600052597
71.24116639567316
70.96013676690067
70.6791071152534
70.39807744171628
70.11704774721858
69.8360180326378
69.55498829880318
69.27395854649907
68.99292877646779
68.71189898941257
68.43086918599992
68.14983936686212
67.86880953259941
67.5877796837818
67.30674982095123
67.02571994462305
66.74469005528775
66.46366015341239
66.18263023944205
65.90160031380104
65.62057037689407
65.33954042910747
65.05851047081022
64.77748050235478
64.49645052407814
64.2154205363026
63.9343905393366
63.65336053347542
63.37233051900186
63.09130049618697
62.81027046529059
62.52924042656195
62.248210380240174
61.96718032655483
61.686150265726425
61.40512019796673
61.124090123479355
60.84306004246006
60.5620299550971
60.28099986157171
59.999969762058264
59.71893965672475
59.437909545732914
59.15687942923871
58.875849307392365
58.594819180338874
58.31378904821797
58.03275891116461
57.75172876930897
57.47069862277679
57.18966847168948
56.90863831616439
56.62760815631488
56.34657799225056
56.06554782407744
55.78451765189803
55.503487475811546
55.22245729591398
54.941427112298285
54.66039692505445
54.37936673426967
54.098336540028384
53.81730634241244
53.536276141501205
53.25524593737158
52.974215730098194
52.69318551975338
52.41215530640741
52.13112509012841
51.85009487098255
51.569064649034054
51.28803442434529
51.00700419697692
50.72597396698776
50.444943734435086
50.16391349937449
49.88288326186005
49.60185302194436
49.32082277967857
49.039792535112426
48.75876228829438
48.477732039271515
48.19670178808971
47.915671534793645
47.63464127942677
47.353611022031465
47.072580762649004
46.79155050131955
46.5105202380823
46.22948997297546
45.94845970603621
45.667429437300896
45.386399166804864
45.10536889458269
44.824338620668016
44.543308345093735
44.26227806789189
43.9812477890938
43.70021750873002
43.41918722683038
43.13815694342401
42.85712665853937
42.57609637220426
42.295066084445835
42.01403579529062
41.73300550476453
41.45197521289294
41.17094491970063
40.8899146252118
40.60888432945018
40.32785403243889
40.046823734200636
39.76579343475757
39.48476313413139
39.203732832343334
38.92270252941418
38.64167222536427
38.3606419202135
38.07961161398139
37.79858130668702
37.51755099834911
37.236520688985976
36.95549037861556
36.67446006725543
36.39342975492284
36.1123994416347
35.83136912740755
35.55033881225763
35.26930849620082
34.988278179252774
34.70724786142878
34.42621754274385
34.145187223212716
33.86415690284985
33.58312658166938
33.3020962596853
33.021065936911214
32.74003561336055
32.45900528904647
32.177974963981924
31.896944638179594
31.615914311651938
31.334883984411217
31.053853656469464
30.772823327838495
30.49179299852995
30.210762668555233
29.929732337925554
29.648702006651984
29.367671674745367
29.086641342216325
28.805611009075403
28.524580675332878
28.243550340998926
27.962520006083533
27.681489670596505
27.400459334547534
27.119428997946127
26.838398660801637
26.557368323123306
26.27633798492022
25.995307646201294
25.71427730697534
25.43324696725104
25.152216627036925
24.871186286341437
24.590155945172842
24.309125603539314
24.028095261448918
23.747064918909608
23.46603457592918
23.185004232515393
22.90397388867582
22.622943544417993
22.34191319974931
22.060882854677068
21.779852509208496
21.49882216335068
21.217791817110665
20.936761470495387
20.655731123511657
20.374700776166247
20.093670428465813
19.81264008041698
19.53160973202621
19.250579383299957
18.969549034244565
18.688518684866324
18.407488335171415
18.12645798516599
17.845427634856105
17.56439728424775
17.28336693334685
17.00233658215929
16.72130623069084
16.440275878947283
16.159245526934246
15.878215174657372
15.597184822122243
15.316154469334315
15.035124116299096
14.754093763021952
14.473063409508253
14.192033055763275
13.911002701792286
13.629972347600479
13.348941993192991
13.067911638574978
12.786881283751436
12.505850928727455
12.224820573507996
11.943790218097986
11.662759862502318
11.381729506725884
11.1006991507735
10.819668794649948
10.538638438360007
10.257608081908362
9.976577725299741
9.695547368538769
9.414517011630094
9.13348665457832
8.852456297387985
8.571425940063637
8.290395582609802
8.009365225030995
7.728334867331634
7.44730450951617
7.1662741515890165
6.885243793554604
6.6042134354172415
6.3231830771813575
6.0421527188512165
5.76112236043118
5.480092001925534
5.199061643338543
4.918031284674494
4.637000925937622
4.35597056713218
4.074940208262374
3.7939098493324175
3.5128794903465086
3.2318491313088455
2.9508187722235886
2.6697884130949245
2.388758053927012
2.107727694723986
1.8266973354900065
1.5456669762291961
1.264636616945702
0.9836062576436844
0.7025758983272143
0.42154553900045205
0.14051517966750668
-0.14051517966750668
-0.42154553900045205
-0.7025758983272143
-0.9836062576436844
-1.264636616945702
-1.5456669762291961
-1.8266973354900065
-2.107727694723986
-2.388758053927012
-2.6697884130949245
-2.9508187722235886
-3.2318491313088455
-3.5128794903465086
-3.7939098493324175
-4.074940208262374
-4.35597056713218
-4.637000925937622
-4.918031284674494
-5.199061643338543
-5.480092001925534
-5.76112236043118
-6.0421527188512165
-6.3231830771813575
-6.6042134354172415
-6.885243793554604
-7.1662741515890165
-7.44730450951617
-7.728334867331634
-8.009365225030995
-8.290395582609802
-8.571425940063637
-8.852456297387985
-9.13348665457832
-9.414517011630094
-9.695547368538769
-9.976577725299741
-10.257608081908362
-10.538638438360007
-10.819668794649948
-11.1006991507735
-11.381729506725884
-11.662759862502318
-11.943790218097986
-12.224820573507996
-12.505850928727455
-12.786881283751436
-13.067911638574978
-13.348941993192991
-13.629972347600479
-13.911002701792286
-14.192033055763275
-14.473063409508253
-14.754093763021952
-15.035124116299096
-15.316154469334315
-15.597184822122243
-15.878215174657372
-16.159245526934246
-16.440275878947283
-16.72130623069084
-17.00233658215929
-17.28336693334685
-17.56439728424775
-17.845427634856105
-18.12645798516599
-18.407488335171415
-18.688518684866324
-18.969549034244565
-19.250579383299957
-19.53160973202621
-19.81264008041698
-20.093670428465813
-20.374700776166247
-20.655731123511657
-20.936761470495387
-21.217791817110665
-21.49882216335068
-21.779852509208496
-22.060882854677068
-22.34191319974931
-22.622943544417993
-22.90397388867582
-23.185004232515393
-23.46603457592918
-23.747064918909608
-24.028095261448918
-24.309125603539314
-24.590155945172842
-24.871186286341437
-25.152216627036925
-25.43324696725104
-25.71427730697534
-25.995307646201294
-26.27633798492022
-26.557368323123306
-26.838398660801637
-27.119428997946127
-27.400459334547534
-27.681489670596505
-27.962520006083533
-28.243550340998926
-28.524580675332878
-28.805611009075403
-29.086641342216325
-29.367671674745367
-29.648702006651984
-29.929732337925554
-30.210762668555233
-30.49179299852995
-30.772823327838495
-31.053853656469464
-31.334883984411217
-31.615914311651938
-31.896944638179594
-32.177974963981924
-32.45900528904647
-32.74003561336055
-33.021065936911214
-33.3020962596853
-33.58312658166938
-33.86415690284985
-34.145187223212716
-34.42621754274385
-34.70724786142878
-34.988278179252774
-35.26930849620082
-35.55033881225763
-35.83136912740755
-36.1123994416347
-36.39342975492284
-36.67446006725543
-36.95549037861556
-37.236520688985976
-37.51755099834911
-37.79858130668702
-38.07961161398139
-38.3606419202135
-38.64167222536427
-38.92270252941418
-39.203732832343334
-39.48476313413139
-39.76579343475757
-40.046823734200636
-40.32785403243889
-40.60888432945018
-40.8899146252118
-41.17094491970063
-41.45197521289294
-41.73300550476453
-42.01403579529062
-42.295066084445835
-42.57609637220426
-42.85712665853937
-43.13815694342401
-43.41918722683038
-43.70021750873002
-43.9812477890938
-44.26227806789189
-44.543308345093735
-44.824338620668016
-45.10536889458269
-45.386399166804864
-45.667429437300896
-45.94845970603621
-46.22948997297546
-46.5105202380823
-46.79155050131955
-47.072580762649004
-47.353611022031465
-47.63464127942677
-47.915671534793645
-48.19670178808971
-48.477732039271515
-48.75876228829438
-49.039792535112426
-49.32082277967857
-49.60185302194436
-49.88288326186005
-50.16391349937449
-50.444943734435086
-50.72597396698776
-51.00700419697692
-51.28803442434529
-51.569064649034054
-51.85009487098255
-52.13112509012841
-52.41215530640741
-52.69318551975338
-52.974215730098194
-53.25524593737158
-53.536276141501205
-53.81730634241244
-54.098336540028384
-54.37936673426967
-54.66039692505445
-54.941427112298285
-55.22245729591398
-55.503487475811546
-55.78451765189803
-56.06554782407744
-56.34657799225056
-56.62760815631488
-56.90863831616439
-57.18966847168948
-57.47069862277679
-57.75172876930897
-58.03275891116461
-58.31378904821797
-58.594819180338874
-58.875849307392365
-59.15687942923871
-59.437909545732914
-59.71893965672475
-59.999969762058264
-60.28099986157171
-60.5620299550971
-60.84306004246006
-61.124090123479355
-61.40512019796673
-61.686150265726425
-61.96718032655483
-62.248210380240174
-62.52924042656195
-62.81027046529059
-63.09130049618697
-63.37233051900186
-63.65336053347542
-63.9343905393366
-64.2154205363026
-64.49645052407814
-64.77748050235478
-65.05851047081022
-65.33954042910747
-65.62057037689407
-65.90160031380104
-66.18263023944205
-66.46366015341239
-66.74469005528775
-67.02571994462305
-67.30674982095123
-67.5877796837818
-67.86880953259941
-68.14983936686212
-68.43086918599992
-68.71189898941257
-68.99292877646779
-69.27395854649907
-69.55498829880318
-69.8360180326378
-70.11704774721858
-70.39807744171628
-70.6791071152534
-70.96013676690067
-71.24116639567316
-71.52219600052597
-71.8032255803498
-72.08425513396566
-72.36528466011956
-72.64631415747613
-72.92734362461226
-73.20837306000954
-73.48940246204617
-73.77043182898812
-74.05146115897912
-74.3324904500298
-74.61351970000541
-74.89454890661246
-75.17557806738355
-75.45660717966057
-75.737636240576
-76.01866524703182
-76.29969419567587
-76.58072308287524
-76.86175190468626
-77.14278065682045
-77.42380933460622
-77.70483793294493
-77.98586644626094
-78.26689486844451
-78.54792319278643
-78.82895141190237
-79.10997951764607
-79.39100750100823
-79.67203535199916
-79.95306305951186
-80.23409061116114
-80.51511799309434
-80.79614518976737
-81.07717218367863
-81.3581989550504
-81.63922548144693
-81.92025173731211
-82.20127769340762
-82.48230331612486
-82.76332856663693
-83.04435339984514
-83.32537776305915
-83.60640159433007
-83.88742482032309
-84.16844735357665
-84.44946908892904
-84.73048989880279
-85.01150962689766
-85.29252807962695
-85.57354501429673
-85.8545601224853
-86.13557300618399
-86.41658314273641
-86.697589831922
-86.97859211359663
-87.25958863483953
-87.54057742641116
-87.82155550711056
-88.10251813893724
-88.38345731224797
-88.66435834182293
-88.94519111831644
-89.22588284761157
-89.50620273820637
-89.78487690721865
