ab01 -1.742047574678321382e+02  5.220950256014081248e+01  1.727464365679770708e+01
abmf -6.152753572100554891e+01  1.626230643873771697e+01  1.627650656830519438e+01
adis  3.876630563566983056e+01  9.035137000657776696e+00  2.446335193352773786e+03
ajac  8.762617772829624840e+00  4.192745919980917080e+01  5.105071214959025383e+01
albh -1.234874717198641036e+02  4.838978030815397346e+01  5.114694214984774590e+01
algo -7.807137072832881586e+01  4.595580061284999829e+01  2.374550229776650667e+02
alic  1.338855208430988739e+02 -2.367011148813356414e+01  5.881836710004135966e+02
amc2 -1.045245958675805156e+02  3.880312377403978985e+01  1.930024277039803565e+03
ankr  3.275847008269982297e+01  3.988737244354891232e+01  9.389587503662332892e+02
areq -7.149279615098657814e+01 -1.646551582202128117e+01  2.448599942081607878e+03
arev -7.149279615717395586e+01 -1.646551582729430407e+01  2.448599111610092223e+03
artu  5.856046186058246406e+01  5.642982224385309564e+01  2.547228143485262990e+02
ascg -1.433266458188992409e+01 -7.916280782010899131e+00  2.477324139233678579e+01
auck  1.748343863674969896e+02 -3.660283821697291273e+01  9.831825423706322908e+01
badg  1.022349882508516004e+02  5.176970458265521557e+01  8.491266390997916460e+02
barh -6.822169269618127885e+01  4.439504874435041870e+01  3.216770043037831783e+01
bhr4  5.060814939722516215e+01  2.620914468084773929e+01  1.419113279227167368e+01
bjco  2.450023504240922634e+00  6.384665925363615102e+00  8.383148233406245708e+00
bjfs  1.158924898438435633e+02  3.960860012443468037e+01  9.787365728151053190e+01
bjnm  1.162241314504578042e+02  4.024532413866400304e+01  1.185594015726819634e+02
bogt -7.408093960551161672e+01  4.640074540249168322e+00  2.553946909511461854e+03
bor1  1.707346000413901876e+01  5.227695837894906816e+01  8.951569171063601971e+01
braz -4.787786959238323448e+01 -1.594747335941180921e+01  1.118937024318613112e+03
brew -1.196826358311629832e+02  4.813152286367935773e+01  2.570514978924766183e+02
brft -3.842553781284063064e+01 -3.877445275249732148e+00  3.091581480856984854e+01
brmu -6.469627470700120853e+01  3.237039979267400014e+01  2.443756990134716034e+01
brst -4.496591797785570499e+00  4.838049547672259365e+01  1.480523125641047955e+01
brux  4.358566059338883747e+00  5.079806431666267486e+01  1.133428558837622404e+02
bshm  3.502298654684555146e+01  3.277898710499549395e+01  2.055523030823096633e+02
bucu  2.612574423813754620e+01  4.446394623830743598e+01  1.083655232302844524e+02
cas1  1.105197064877141742e+02 -6.628336051771225357e+01  4.010042138770222664e+01
cedu  1.338098339691861156e+02 -3.186665887368732797e+01  1.543821017416194081e+02
chan  1.254442038524748710e+02  4.379068522642792516e+01  2.592817165311425924e+02
chpg -4.500237580768541790e+01 -2.268227247499012833e+01  5.694314213367179036e+02
chpi -4.498515887189820006e+01 -2.268714430968254447e+01  6.206312890760600567e+02
chti -1.766171197483795368e+02 -4.373547112425201533e+01  6.550289603043347597e+01
chum  7.475110276499644613e+01  4.299850144823710707e+01  7.592331071095541120e+02
chur -9.408873172734915613e+01  5.875907738211964926e+01  2.961995663493871689e+01
ckis -1.598006176722555836e+02 -2.120102320450302713e+01  7.886704246513545513e+00
clrk -1.418738067119591051e+02 -7.734007724416672147e+01  1.048451258917339146e+03
cnmr  1.457430904434672527e+02  1.522969828596332320e+01  1.095254202932119370e+01
coco  9.683397427874139396e+01 -1.218834128139434370e+01  5.232412712648510933e+00
crao  3.399098598348797395e+01  4.441326108065397449e+01  3.432166792051866651e+02
cro1 -6.458431855811313937e+01  1.775689963804719795e+01  1.406771279312670231e+01
cusv  1.005339229176530722e+02  1.373591400608173885e+01  1.060165195986628532e+02
cut0  1.158948010573978848e+02 -3.200388585909186645e+01  5.635617252532392740e+01
cuut  1.005339353832661686e+02  1.373599098473616387e+01  1.060665037529543042e+02
cztg  5.185548231718816936e+01 -4.643189647919153629e+01  1.532223109137266874e+02
daej  1.273744836761315327e+02  3.639942746317111499e+01  9.231084832549095154e+01
dakr -1.743946455437773935e+01  1.472123629066162920e+01  2.212325298506766558e+01
darw  1.311327433652586194e+02 -1.284369825689361910e+01  7.517428070586174726e+01
dav1  7.797261235361546028e+01 -6.857732363764888817e+01  2.729056937620043755e+01
dgar  7.237024419541351961e+01 -7.269681585467852258e+00  1.010792488045990467e+01
dgav  7.237024399319858503e+01 -7.269681710646423767e+00  1.010893547255545855e+01
dlf1  4.387463610983648898e+00  5.198602079835342238e+01  3.271541837044060230e+01
drag  3.539207334795501225e+01  3.159320293983598660e+01  1.332117606233805418e+01
drao -1.196249844449738049e+02  4.932261779729563500e+01  5.585200899606570601e+02
dubo -9.586618362924971848e+01  5.025880850699629576e+01  2.752675152895972133e+02
dum1  1.400019357868632994e+02 -6.666508588446190231e+01  4.124531440623104572e+01
ebre  4.923650577412369556e-01  4.082088996002440950e+01  5.771629043482244015e+01
espa  1.218943281239753702e+02 -3.387431440178092146e+01  6.237976551428437233e+01
faa1 -1.496143061275508614e+02 -1.755531025254522248e+01  6.494494373910129070e+00
fair -1.474992411120139195e+02  6.497799643679420001e+01  3.083766957614570856e+02
falk -5.787406735470600694e+01 -5.169365118016547456e+01  3.944243223872035742e+01
flin -1.019780374656187121e+02  5.472558338591775851e+01  3.430214695967733860e+02
flnd  1.482415816372406994e+02 -4.021437985657239267e+01  6.896555251441895962e+00
flrs -3.112638941664551240e+01  3.945383679253008324e+01  2.435996350180357695e+01
func -1.690761395965157732e+01  3.264794983301591458e+01  3.193280857428908348e+01
ganp  2.032293922088656402e+01  4.903471509856822763e+01  7.045842908481135964e+02
gcgo -1.474994316193852626e+02  6.497805802788346341e+01  3.087195836044847965e+02
glps -9.030366648987033784e+01 -7.429982188222353789e-01  5.901955102570354939e+00
glsv  3.049673621137737811e+01  5.036418424024171969e+01  2.014557321732863784e+02
gmsd  1.310155654946310904e+02  3.055644460070384838e+01  1.149392655054107308e+02
gode -7.682683226805373522e+01  3.902172804832527220e+01  4.820460518449544907e+01
godz -7.682683225873505251e+01  3.902172804746921742e+01  4.820349298696964979e+01
gol2 -1.168892524646530831e+02  3.542515560049902490e+01  1.018157343924976885e+03
gold -1.168892524649398439e+02  3.542515561091308740e+01  1.018156825638376176e+03
gras  6.920576394776055906e+00  4.375473963385221055e+01  1.268828516274690628e+03
graz  1.549348380905372835e+01  4.706713174165943059e+01  4.911508369091898203e+02
guam  1.448683601738410403e+02  1.358932985324524623e+01  1.475817343452945352e+02
guat -9.052018249544654793e+01  1.459040438067282253e+01  1.517940657068975270e+03
guug  1.448027120754628356e+02  1.343320865513718054e+01  8.096856851223856211e+01
harb  2.770724673733009880e+01 -2.588696086105801797e+01  1.532828573651611805e+03
hers  3.362744362613310223e-01  5.086731566371004476e+01  3.189440532680600882e+01
hert  3.343563412769426368e-01  5.086748130617522889e+01  3.874829893745481968e+01
hlfx -6.361128207339306329e+01  4.468355047726294060e+01  2.503943132143467665e+01
hnlc -1.578645530345922907e+02  2.130329207473267417e+01  7.916716124862432480e+00
hob2  1.474387365449722438e+02 -4.280470656965353271e+01  4.545600162632763386e+01
hofn -1.519791688981838185e+01  6.426729351809039770e+01  1.813878061342984438e+01
holb -1.281349996484897247e+02  5.064035217103870679e+01  5.766973618352785707e+02
holm -1.177612411489455724e+02  7.073630279124513720e+01  1.766457745060324669e+01
hown -8.676733133381898710e+01 -7.752803660222517124e+01  1.499002145753242075e+03
hrao  2.768698278304470506e+01 -2.589010283629372466e+01  1.388876232749782503e+03
hyde  7.855087396786800014e+01  1.741726204557130586e+01  5.188808747846633196e+02
iisc  7.757038076171832586e+01  1.302116987842532758e+01  9.300818126071244478e+02
ineg -1.022842040522879188e+02  2.185615339231641840e+01  1.901540395540185273e+03
invk -1.335269642347560932e+02  6.830618363497264056e+01  5.035299713350832462e+01
ipaz -1.103307479080061029e+02  2.414527356561330151e+01  1.884570363629609346e+01
iqal -6.851050048628746936e+01  6.375596448327880950e+01  1.022850220538675785e+02
irkm  1.043162450472859604e+02  5.221902349490787287e+01  5.411794859785586596e+02
isba  4.443840517374817267e+01  3.334141741052747676e+01  7.449840752407908440e+01
ishi  1.402189554411057486e+02  3.620883123776335566e+01  1.171674293065443635e+02
ispa -1.093444033918865586e+02 -2.712498345929257582e+01  1.177981865592300892e+02
jab2  1.328945381679507705e+02 -1.266014472815348313e+01  2.817649330478161573e+01
jctw  1.846855231355277027e+01 -3.395143315754005897e+01  5.273588660918176174e+01
jfng  1.144910208280710719e+02  3.051556493212266119e+01  8.528346373885869980e+01
joze  2.103154258892335449e+01  5.209727654954419762e+01  1.105377672463655472e+02
karr  1.170971957500745049e+02 -2.098142385542122312e+01  1.175280797807499766e+02
kat1  1.321532759624155062e+02 -1.437599678379101498e+01  1.385348308626562357e+02
kely -5.094484353548092770e+01  6.698741982088456837e+01  1.985871171168982983e+02
kerg  7.025552312724106230e+01 -4.935146713995438716e+01  3.368083066586405039e+01
ketg  7.021792868876494254e+01 -4.935218325932564198e+01  7.837761678732931614e+00
kiri  1.729228885323847180e+02  1.354585308927968246e+00  6.939368508756160736e+00
kiru  2.096845199976679552e+01  6.785735325575541310e+01  3.621769821457564831e+02
kit3  6.688544924719367657e+01  3.913476745456227945e+01  6.589955918956547976e+02
kitg  6.688673847189937760e+01  3.913338642421199864e+01  6.571383596193045378e+02
kokb -1.596649353941109553e+02  2.212626667892648413e+01  1.153454692834056914e+03
kokv -1.596649353885683809e+02  2.212626668311401801e+01  1.153456510581076145e+03
koug -5.263975043155145528e+01  5.098471517509224782e+00  1.423820797102525830e+02
kour -5.280596016712051011e+01  5.252182711134055992e+00  9.139108927920460701e+00
krgg  7.025550605443316954e+01 -4.935154337244654243e+01  3.364298570249229670e+01
laut  1.774465820584939877e+02 -1.760881009919660656e+01  3.223756097257137299e+01
lexa  1.693082427721623162e+02 -4.523101227599409668e+01  3.246386950882151723e+02
lhaz  9.110403139413040208e+01  2.965733373039212495e+01  3.657027312030084431e+03
lmmf -6.099617585962541000e+01  1.459481744146662940e+01  1.302091777138411999e+01
lpal -1.789382618782602563e+01  2.876387354372386440e+01  2.160016370858065784e+03
lpgs -5.793230011236203580e+01 -3.490674395244388961e+01  1.446690574381500483e+01
lroc -1.219313794661804451e+00  4.615894414313579830e+01  1.063903150614351034e+01
mac1  1.589358299143816282e+02 -5.449952727619822213e+01  1.491146428417414427e+01
maju  1.713645151665704134e+02  7.119150934234730776e+00  7.177557289600372314e+00
mal2  4.019414569906471257e+01 -2.996053434144257288e+00  9.824809405952692032e+00
mar6  1.725853051622744871e+01  6.059514541221558659e+01  5.114164436794817448e+01
mar7  1.725844883994772871e+01  6.059505654778530470e+01  5.002193664200603962e+01
mas1 -1.563327364771710215e+01  2.776374329074963754e+01  1.564594201343134046e+02
mat1  1.670454972335209476e+01  4.064906423052193674e+01  4.901965458877384663e+02
mate  1.670446280754151758e+01  4.064913384315031664e+01  4.913207586314529181e+02
maui -1.562570314267167646e+02  2.070665835926461540e+01  3.047828079032711685e+03
maw1  6.287071422480075711e+01 -6.760476684305561434e+01  3.086973072215914726e+01
mbar  3.073787859269604894e+01 -6.014673122269591499e-01  1.349532605545595288e+03
mcil  1.539786518942170233e+02  2.429009693717275198e+01  1.220721475407481194e+01
mcm4  1.666693335413444004e+02 -7.783835062603264987e+01  1.505756285768002272e+02
mdo1 -1.040149946473173230e+02  3.068051058180510893e+01  2.027395890414714813e+03
mdvj  3.721450852719637936e+01  5.602149364604825621e+01  2.421693719578906894e+02
medi  1.164681831250217492e+01  4.451995927402064268e+01  1.019234638568013906e+01
meli -2.951650275529560385e+00  3.528119025059391589e+01  3.967848516441881657e+01
mets  2.439532476091339319e+01  6.021747363195175495e+01  7.628969461936503649e+01
mgue -6.939792812772317632e+01 -3.577735008750376267e+01  1.528116028035059571e+03
mkea -1.554563476151172949e+02  1.980135781308454668e+01  3.731933338625356555e+03
mobs  1.449753405914677558e+02 -3.782940445264436136e+01  3.644767934828996658e+01
monp -1.164223535887481233e+02  3.289194150397658234e+01  1.875619337076321244e+03
mqzg  1.726546954720923566e+02 -4.370273143117033499e+01  1.443210042081773281e+02
nain -6.168871999001073902e+01  5.653697679880837512e+01  4.306993282493203878e+01
nano -1.240864805470866372e+02  4.929480957527228213e+01  2.426922919601202011e+01
naur  1.669255432455247217e+02 -5.517275358900730620e-01  7.909329971298575401e+00
nico  3.339644853700096405e+01  3.514098813384923403e+01  1.625945642665028572e+02
nist -1.052626062944579246e+02  3.999506658421247351e+01  1.663699162067845464e+03
nium -1.699270725094725378e+02 -1.907652399131824694e+01  6.129468959942460060e+01
nklg  9.672127432501723021e+00  3.539086713211502255e-01  2.138947257306426764e+01
nlib -9.157489760486603814e+01  4.177159088148041377e+01  2.398545390553772449e+02
nnor  1.161927229611710288e+02 -3.104872877363395745e+01  2.643897356390953064e+02
not1  1.498979034187162007e+01  3.687584669177493879e+01  8.629898458253592253e+01
novm  8.290949267881940443e+01  5.503050096095775956e+01  1.866830780142918229e+02
nrc1 -7.562383056805633430e+01  4.545416290314604169e+01  1.166371091110631824e+02
nril  8.835978769737866401e+01  6.936183310156761195e+01  6.239205794781446457e+01
nrmd  1.664848868592268047e+02 -2.222832171827892367e+01  1.006800351692363620e+02
nya1  1.186531542795596117e+01  7.892955642222945301e+01  4.879241481889039278e+01
nya2  1.185863799601186841e+01  7.893033265082389960e+01  4.591702657192945480e+01
nyal  1.186509235789528738e+01  7.892958640807985660e+01  4.306799386441707611e+01
ohi2 -5.790132892262050035e+01 -6.332107999474057181e+01  9.889872084371745586e+00
ohi3 -5.790138222354805464e+01 -6.332109138470628551e+01  1.003091459162533283e+01
onsa  1.192552089010803051e+01  5.739530053978035085e+01  9.407452479936182499e+00
ous2  1.705109272715818634e+02 -4.586947105408334124e+01  2.123115509934723377e+01
parc -7.087988130760125216e+01 -5.313695349732548578e+01  1.262997833173722029e+01
pdel -2.566276178167881739e+01  3.774775126284259841e+01  5.556549858208745718e+01
pert  1.158852558624497533e+02 -3.180195927251466159e+01  4.512726399302482605e+01
pie1 -1.081189288465176475e+02  3.430150519832602640e+01  2.369523497619666159e+03
pohn  1.582101073614522022e+02  6.959946999946318158e+00  4.230115287005901337e+01
pol2  7.469426919735710158e+01  4.267977057964574072e+01  1.753770695144310594e+03
polv  3.454293425938487871e+01  4.960261535166100799e+01  1.605317232301458716e+02
pots  1.306609479257264894e+01  5.237929913683043281e+01  1.046744670942425728e+02
prds -1.142934994568598910e+02  5.087135055768821701e+01  1.263735677453689277e+03
qaq1 -4.604776666331235901e+01  6.071526496341854084e+01  7.368572595529258251e+01
qiki -6.403367093795151277e+01  6.755934013433169127e+01  6.030860730446875095e+00
quin -1.209444309763920842e+02  3.997455369301384565e+01  1.128845268158242106e+03
rabt -6.854287149701842274e+00  3.399810565878119917e+01  4.535607038624584675e+01
ramo  3.476314243008648219e+01  3.059760770925589668e+01  8.696627352405339479e+02
recf -3.495151707799401919e+01 -8.050961734288611282e+00  2.600637344457209110e+01
reso -9.489370018385835692e+01  7.469081987901836328e+01  2.885961750708520412e+01
reun  5.557172212341708928e+01 -2.120822434470003870e+01  1.556483333192765713e+03
reyk -2.195548839106209016e+01  6.413878646143685103e+01  2.680929068103432655e+01
riga  2.405877789845386161e+01  5.694862116992684520e+01  1.425351228006184101e+01
rio2 -6.775111740692082662e+01 -5.378547068019715738e+01  2.020846286881715059e+01
salu -4.421247951045001656e+01 -2.593457412361118930e+00  4.425823248922824860e+01
sant -7.066855566003727063e+01 -3.315028769858492552e+01  6.941972103398293257e+02
savo -3.843225436273011297e+01 -1.293924482235430240e+01  8.798426235187798738e+01
sch2 -6.683261957031426448e+01  5.483209056586653674e+01  5.192469614641740918e+02
scor -2.195033988585717566e+01  7.048533587090925323e+01  7.226107621099799871e+01
scrz -6.315967402951175558e+01 -1.779679041801876949e+01  4.199977781986817718e+02
sctb  1.667580233409397010e+02 -7.784898680753863687e+01  3.363802270963788033e+01
scub -7.576231702454165884e+01  2.001206388345268650e+01  4.596747227665036917e+01
seld -1.517066722569992123e+02  5.944570727031724999e+01  1.001962116267532110e+01
seyg  5.553063174941647873e+01 -4.678731193772334152e+00  3.708822975866496563e+00
sfer -6.205643447939079849e+00  3.646434753251278238e+01  3.962708495091646910e+01
shao  1.212004486233956015e+02  3.109964110213607569e+01  1.168373850919306278e+01
sofi  2.339473623520543910e+01  4.255609597472997052e+01  1.074714580097235739e+03
solo  1.599543457543659883e+02 -9.434912366077700341e+00  5.830245968606323004e+01
sthl -5.667344285692479389e+00 -1.594253285558525768e+01  4.395680134342983365e+02
stj3 -5.267830893134651404e+01  4.759543576892087202e+01  1.452872335994616151e+02
stjo -5.267775199510865036e+01  4.759524133829633286e+01  1.435981771526858211e+02
suth  2.081046480402843812e+01 -3.238020838153667569e+01  1.764158811853267252e+03
sutm  2.081091299597197875e+01 -3.238143180455085002e+01  1.762013878144323826e+03
sutv  2.081046480569436241e+01 -3.238020839245089633e+01  1.764159131526947021e+03
suwn  1.270542452380512088e+02  3.727551336246194325e+01  5.940663513448089361e+01
sydn  1.511503818873841851e+02 -3.378087304103791411e+01  6.303819587454199791e+01
syog  3.958374235228507843e+01 -6.900695695012234410e+01  2.852699047606438398e+01
tash  6.929557023603192079e+01  4.132804963933963904e+01  4.830507067767903209e+02
tcms  1.209873938952109569e+02  2.479798499229110931e+01  5.798647251166403294e+01
tehn  5.133409634952399614e+01  3.569728426592123327e+01  1.189640228978358209e+03
thtg -1.496064415978660804e+02 -1.757705866843828346e+01  9.242677447851747274e+01
thti -1.496064562969229996e+02 -1.757705813220603019e+01  9.244731396064162254e+01
thu2 -6.882504762132444398e+01  7.653704810193264052e+01  1.973054919019341469e+01
thu3 -6.882504763940518444e+01  7.653704810195593211e+01  1.973110992647707462e+01
tid1  1.489800007257075265e+02 -3.539919842268945871e+01  6.467121204929426312e+02
tidb  1.489800007238177955e+02 -3.539919843233663954e+01  6.467151840720325708e+02
tixi  1.288664264021039401e+02  7.163447231138255233e+01  5.463161717168986797e+01
tlse  1.480893423452381175e+00  4.356069658126532573e+01  1.585985341267660260e+02
tnml  1.209873486840479302e+02  2.479795362601582909e+01  5.660615738108754158e+01
tow2  1.470556915728045908e+02 -1.926927368088855630e+01  3.074339077062904835e+01
tro1  1.893965130145095443e+01  6.966271983703164494e+01  1.072054955586791039e+02
tuva  1.791965531487118710e+02 -8.525287499212000242e+00  6.509982111863791943e+00
ufpr -4.923095535487729535e+01 -2.544836663295184209e+01  9.227762440182268620e+02
unb3 -6.664170730930655395e+01  4.595021008644575033e+01  4.621879371907562017e+01
unbj -6.664170730889787819e+01  4.595021008710347843e+01  4.621717625018209219e+01
unsa -6.540764332075279697e+01 -2.472745516374094876e+01  1.223449954126961529e+03
uzhl  2.229762237084404219e+01  4.863197938174160839e+01  1.937803045995533466e+02
vacs  5.749703830741130162e+01 -2.029707464303324471e+01  4.280730413021519780e+02
vndp -1.206164551409566457e+02  3.455631349877196357e+01  2.543814438208937645e+01
wes2 -7.149332934880152379e+01  4.261333630335712286e+01  1.143288395283743739e+02
whit -1.352221146258098941e+02  6.075051033775267229e+01  1.419826700631529093e+03
will -1.221678145672732398e+02  5.223686654197527446e+01  1.110854892852716148e+03
wind  1.708943427074927257e+01 -2.257491800232120127e+01  1.703106020312756300e+03
wmga  1.343545289643518572e+02 -1.993336210128283170e+01  3.845598807679489255e+02
wsrt  6.604508658807334953e+00  5.291461292177169184e+01  4.122411994822323322e+01
wtzr  1.287891321058020111e+01  4.914420020445500370e+01  6.199413897199556231e+02
xmis  1.056885034331700410e+02 -1.044996040476380195e+01  2.659020730787888169e+02
yakt  1.296803077238740229e+02  6.203095865292444699e+01  1.092654299503192306e+02
yar2  1.153469817902792443e+02 -2.904654817511992348e+01  2.673613731209188700e+02
yebe -3.088623468950295159e+00  4.052490240788108622e+01  9.205338838482275605e+02
yel2 -1.144808482689336557e+02  6.248132058652628729e+01  2.082408526856452227e+02
yell -1.144807056345056964e+02  6.248089260265374634e+01  2.081838083304464817e+02
yibl  5.611233884734573962e+01  2.218646293730503771e+01  1.303162494385614991e+02
yssk  1.427167225546399152e+02  4.702973353772359388e+01  6.643263491243124008e+01
zamb  2.831101444795153554e+01 -1.542553876060305384e+01  1.325008847196586430e+03
zeck  4.156507015409646044e+01  4.378839418971208630e+01  1.143227580093778670e+03
zim2  7.465033854299034211e+00  4.687709552811088543e+01  9.068348346250131726e+02
zimm  7.465279960785117908e+00  4.687709935296753372e+01  9.067380668446421623e+02
