  ab01  -1.742047574678656474e+02  5.220950256007008505e+01  1.727463312540203333e+01
  ankr   3.275847008268323179e+01  3.988737244371658619e+01  9.389587417356669903e+02
  ascg  -1.433266458188992409e+01 -7.916280782010899131e+00  2.477324139233678579e+01
  bogt  -7.408093960550552026e+01  4.640074540250903823e+00  2.553946907145902514e+03
  cas1   1.105197064876242905e+02 -6.628336051789310090e+01  4.010051015298813581e+01
  chpg  -4.500237580787286618e+01 -2.268227247506607824e+01  5.694314012145623565e+02
  ckis  -1.598006176722555836e+02 -2.120102320450302713e+01  7.886704246513545513e+00
  clrk  -1.418738067119591051e+02 -7.734007724416672147e+01  1.048451258917339146e+03
  coco   9.683397427906265875e+01 -1.218834128123554805e+01  5.232413204386830330e+00
  cut0   1.158948010573978848e+02 -3.200388585909186645e+01  5.635617252532392740e+01
  cuut   1.005339353832661686e+02  1.373599098473616387e+01  1.060665037529543042e+02
  cztg   5.185548231736041203e+01 -4.643189647923210828e+01  1.532223401181399822e+02
  daej   1.273744836779221288e+02  3.639942746244283001e+01  9.231094118114560843e+01
  dgar   7.237024419541351961e+01 -7.269681585467852258e+00  1.010792488045990467e+01
  dlf1   4.387463610983648898e+00  5.198602079835342238e+01  3.271541837137192488e+01
  drao  -1.196249844447120836e+02  4.932261779706747262e+01  5.585201117740944028e+02
  espa   1.218943281240667318e+02 -3.387431440175448216e+01  6.237976988218724728e+01
  falk  -5.787406735470600694e+01 -5.169365118022486172e+01  3.944244060479104519e+01
  flnd   1.482415816372406994e+02 -4.021437985676504212e+01  6.896573335863649845e+00
  gcgo  -1.474994316206593510e+02  6.497805802706049860e+01  3.087196102840825915e+02
  gmsd   1.310155654946310904e+02  3.055644460070384838e+01  1.149392655044794083e+02
  harb   2.770724673733009880e+01 -2.588696086105801797e+01  1.532828573651611805e+03
  hown  -8.676733133381898710e+01 -7.752803660222517124e+01  1.499002145753242075e+03
  ineg  -1.022842040519731910e+02  2.185615339394108503e+01  1.901540628744289279e+03
  ipaz  -1.103307479080061029e+02  2.414527356554265580e+01  1.884570012893527746e+01
  ishi   1.402189554411057486e+02  3.620883123731235997e+01  1.171673926720395684e+02
  ispa  -1.093444033918865586e+02 -2.712498345917673603e+01  1.177981799831613898e+02
  jab2   1.328945381678516071e+02 -1.266014472817332148e+01  2.817648353893309832e+01
  jctw   1.846855231355277027e+01 -3.395143315754005897e+01  5.273588660825043917e+01
  jfng   1.144910208271782750e+02  3.051556493230145861e+01  8.528343011345714331e+01
  ketg   7.021792868832628187e+01 -4.935218325970012643e+01  7.837725921534001827e+00
  kitg   6.688673847189267008e+01  3.913338642421970803e+01  6.571383585659787059e+02
  koug  -5.263975043087766892e+01  5.098471517270271036e+00  1.423821035781875253e+02
  laut   1.774465820586098630e+02 -1.760881009918339046e+01  3.223756558354943991e+01
  lexa   1.693082427733920099e+02 -4.523101227605485519e+01  3.246386760035529733e+02
  lmmf  -6.099617585951278187e+01  1.459481744145130833e+01  1.302092428412288427e+01
  maju   1.713645151664744617e+02  7.119150933984818685e+00  7.177555459551513195e+00
  mal2   4.019414569906471257e+01 -2.996053434144257288e+00  9.824809405952692032e+00
  mar7   1.725844883978868438e+01  6.059505654739270142e+01  5.002191616129130125e+01
  mas1  -1.563327364766638894e+01  2.776374329072354286e+01  1.564594256291165948e+02
  maw1   6.287071422472052973e+01 -6.760476684326675922e+01  3.086977038905024529e+01
  meli  -2.951650275922603761e+00  3.528119025058430225e+01  3.967848667129874229e+01
  mgue  -6.939792812775122854e+01 -3.577735008773193925e+01  1.528116056745871902e+03
  mkea  -1.554563476149965311e+02  1.980135781302595888e+01  3.731933306810446084e+03
  nico   3.339644853678402114e+01  3.514098813396670806e+01  1.625945574967190623e+02
  nklg   9.672127432573004668e+00  3.539086714005665879e-01  2.138942606933414936e+01
  nya2   1.185863799566790533e+01  7.893033265051514036e+01  4.591703331749886274e+01
  ohi3  -5.790138222404804935e+01 -6.332109138493667189e+01  1.003093069139868021e+01
  reyk  -2.195548839078956860e+01  6.413878646148002360e+01  2.680928834807127714e+01
  salu  -4.421247951045001656e+01 -2.593457412361118930e+00  4.425823248922824860e+01
  scrz  -6.315967402932850661e+01 -1.779679041812479667e+01  4.199977416405454278e+02
  sctb   1.667580233408892525e+02 -7.784898680758277578e+01  3.363802164979279041e+01
  seld  -1.517066722570790205e+02  5.944570727033609359e+01  1.001961992401629686e+01
  seyg   5.553063174992391282e+01 -4.678731193773051800e+00  3.708822007291018963e+00
  solo   1.599543457529235013e+02 -9.434912366179526444e+00  5.830252016149461269e+01
  sthl  -5.667344286072647286e+00 -1.594253285557522659e+01  4.395680173132568598e+02
  stj3  -5.267830893017580962e+01  4.759543576867007886e+01  1.452873026067391038e+02
  sutv   2.081046480567424695e+01 -3.238020839242683735e+01  1.764159135738387704e+03
  thtg  -1.496064415995689956e+02 -1.757705866774063708e+01  9.242671153880655766e+01
  tixi   1.288664264027700028e+02  7.163447231117174852e+01  5.463160624820739031e+01
  unb3  -6.664170730895068573e+01  4.595021008636869198e+01  4.621880200225859880e+01
  vacs   5.749703830750794964e+01 -2.029707464305340281e+01  4.280730352662503719e+02
  wmga   1.343545289637608846e+02 -1.993336210146915022e+01  3.845598238948732615e+02
  xmis   1.056885034331700410e+02 -1.044996040451620978e+01  2.659020680254325271e+02
  yel2  -1.144808482687189155e+02  6.248132058651804499e+01  2.082409035610035062e+02
  yibl   5.611233884734573962e+01  2.218646293730503416e+01  1.303162494404241443e+02
